<?xml version="1.0"?>
<opencv_storage>
<cam_rotation_vectors type_id="opencv-matrix">
  <rows>10</rows>
  <cols>3</cols>
  <dt>f</dt>
  <data>
    1.87758589e+00 -1.85351729e+00 5.53225815e-01 2.00119209e+00
    -1.76016104e+00 -9.52463269e-01 1.92993164e+00 -1.29985297e+00
    -2.49211609e-01 1.46384752e+00 -2.18306994e+00 1.48830867e+00
    -1.65139592e+00 1.45197308e+00 2.65538037e-01 2.17806149e+00
    -1.21098197e+00 7.93132603e-01 1.48027456e+00 -2.20505428e+00
    1.53092587e+00 1.47175002e+00 -1.49358630e+00 1.00436389e+00
    -2.15940642e+00 2.16153169e+00 2.04382673e-01 -1.53049946e+00
    1.86792934e+00 -4.81763095e-01</data></cam_rotation_vectors>
</opencv_storage>
