<?xml version="1.0"?>
<opencv_storage>
<cam_translation_vectors type_id="opencv-matrix">
  <rows>10</rows>
  <cols>3</cols>
  <dt>f</dt>
  <data>
    4.35699730e+01 1.19957657e+02 6.64966187e+02 6.41062927e+01
    7.67242050e+01 5.45094849e+02 2.43036518e+01 7.52263947e+01
    4.68552216e+02 8.62092896e+01 5.15998230e+01 5.59926208e+02
    4.39991875e+01 3.42922325e+01 6.25760498e+02 2.53483486e+01
    7.60039597e+01 5.02270905e+02 7.67102890e+01 5.96349030e+01
    5.88389648e+02 5.98677101e+01 4.47238350e+01 4.79169342e+02
    4.11043243e+01 9.89831085e+01 7.09166077e+02 -8.22214317e+00
    9.18758011e+00 7.66980286e+02</data></cam_translation_vectors>
</opencv_storage>
